time_s,heading_deg,groundspeed_kt,el_ft_msl,alt_ft_msl,alt_ft_agl,altRate_fps,lat_deg,lon_deg,AirspaceClass,AirspaceName
0.000,90.008,0.000,682.000,682.000,0.000,16.000,42.2618662559809835,-72.3604565572334337,O,
15.625,90.008,50.000,682.000,932.000,250.000,0.000,42.2618662559809835,-72.3604565572334337,O,
16.063,90.008,50.000,686.000,932.000,246.000,0.000,42.2618662416374988,-72.3603195006214435,O,
16.502,90.008,50.000,691.000,932.000,241.000,0.000,42.2618662272940142,-72.3601824440094532,O,
16.940,90.008,50.000,697.000,932.000,235.000,0.000,42.2618662129505296,-72.3600453873974629,O,
17.379,90.008,50.000,703.000,932.000,229.000,16.000,42.2618661986070450,-72.3599083307854727,O,
17.817,90.008,50.000,709.000,948.000,239.000,0.000,42.2618661842635603,-72.3597712741734824,O,
18.256,90.008,50.000,712.000,948.000,236.000,0.000,42.2618661699200828,-72.3596342175614780,O,
18.694,90.008,50.000,714.000,948.000,234.000,0.000,42.2618661555765982,-72.3594971609494877,O,
19.133,90.008,50.000,714.000,948.000,234.000,0.000,42.2618661412331136,-72.3593601043374974,O,
19.571,90.008,50.000,712.000,948.000,236.000,0.000,42.2618661268896290,-72.3592230477255072,O,
20.010,90.008,50.000,713.000,948.000,235.000,0.000,42.2618661125461443,-72.3590859911135169,O,
20.448,90.008,50.000,714.000,948.000,234.000,0.000,42.2618660982026597,-72.3589489345015267,O,
20.887,90.008,50.000,717.000,948.000,231.000,0.000,42.2618660838591751,-72.3588118778895364,O,
21.325,90.008,50.000,721.000,948.000,227.000,16.000,42.2618660695156905,-72.3586748212775461,O,
21.764,90.008,50.000,724.000,964.000,240.000,0.000,42.2618660551722058,-72.3585377646655559,O,
22.202,90.008,50.000,726.000,964.000,238.000,0.000,42.2618660408287212,-72.3584007080535656,O,
22.641,90.008,50.000,725.000,964.000,239.000,0.000,42.2618660264852437,-72.3582636514415753,O,
23.079,90.008,50.000,723.000,964.000,241.000,0.000,42.2618660121417591,-72.3581265948295851,O,
23.518,90.008,50.000,721.000,964.000,243.000,0.000,42.2618659977982745,-72.3579895382175806,O,
23.956,90.008,50.000,721.000,964.000,243.000,0.000,42.2618659834547898,-72.3578524816055904,O,
24.395,90.008,50.000,721.000,964.000,243.000,0.000,42.2618659691113052,-72.3577154249936001,O,
24.833,90.008,50.000,723.000,964.000,241.000,0.000,42.2618659547678206,-72.3575783683816098,O,
25.272,90.008,50.000,726.000,964.000,238.000,0.000,42.2618659404243360,-72.3574413117696196,O,
25.710,90.008,50.000,729.000,964.000,235.000,0.000,42.2618659260808514,-72.3573042551576293,O,
26.149,90.008,50.000,731.000,964.000,233.000,0.000,42.2618659117373667,-72.3571671985456391,O,
26.587,90.008,50.000,732.000,964.000,232.000,0.000,42.2618658973938821,-72.3570301419336488,O,
27.026,90.008,50.000,733.000,964.000,231.000,0.000,42.2618658830503975,-72.3568930853216585,O,
27.464,90.008,50.000,735.000,964.000,229.000,0.000,42.2618658687069200,-72.3567560287096683,O,
27.903,90.008,50.000,736.000,964.000,228.000,0.000,42.2618658543634353,-72.3566189720976780,O,
28.341,90.008,50.000,738.000,964.000,226.000,16.000,42.2618658400199507,-72.3564819154856878,O,
28.780,90.008,50.000,741.000,980.000,239.000,0.000,42.2618658256764661,-72.3563448588736833,O,
29.218,90.008,50.000,745.000,980.000,235.000,0.000,42.2618658113329815,-72.3562078022616930,O,
29.657,90.008,50.000,749.000,980.000,231.000,0.000,42.2618657969894969,-72.3560707456497028,O,
30.095,90.008,50.000,752.000,980.000,228.000,0.000,42.2618657826460122,-72.3559336890377125,O,
30.533,90.008,50.000,755.000,980.000,225.000,16.000,42.2618657683025276,-72.3557966324257222,O,
30.972,90.008,50.000,756.000,996.000,240.000,0.000,42.2618657539590430,-72.3556595758137320,O,
31.410,90.008,50.000,757.000,996.000,239.000,0.000,42.2618657396155584,-72.3555225192017417,O,
31.849,90.008,50.000,758.000,996.000,238.000,0.000,42.2618657252720809,-72.3553854625897515,O,
32.287,90.008,50.000,759.000,996.000,237.000,0.000,42.2618657109285962,-72.3552484059777612,O,
32.726,90.008,50.000,760.000,996.000,236.000,0.000,42.2618656965851116,-72.3551113493657709,O,
33.164,90.008,50.000,760.000,996.000,236.000,0.000,42.2618656822416270,-72.3549742927537807,O,
33.603,90.008,50.000,757.000,996.000,239.000,0.000,42.2618656678981424,-72.3548372361417904,O,
34.041,90.008,50.000,754.000,996.000,242.000,0.000,42.2618656535546577,-72.3547001795297859,O,
34.480,90.008,50.000,753.000,996.000,243.000,0.000,42.2618656392111731,-72.3545631229177957,O,
34.918,90.008,50.000,752.000,996.000,244.000,0.000,42.2618656248676885,-72.3544260663058054,O,
35.357,90.008,50.000,754.000,996.000,242.000,0.000,42.2618656105242039,-72.3542890096938152,O,
35.795,90.008,50.000,756.000,996.000,240.000,0.000,42.2618655961807193,-72.3541519530818249,O,
36.234,90.008,50.000,758.000,996.000,238.000,0.000,42.2618655818372417,-72.3540148964698346,O,
36.672,90.008,50.000,760.000,996.000,236.000,0.000,42.2618655674937571,-72.3538778398578444,O,
37.111,90.008,50.000,759.000,996.000,237.000,0.000,42.2618655531502725,-72.3537407832458541,O,
37.549,90.008,50.000,758.000,996.000,238.000,0.000,42.2618655388067879,-72.3536037266338639,O,
37.988,90.008,50.000,754.000,996.000,242.000,0.000,42.2618655244633032,-72.3534666700218736,O,
38.074,90.008,50.000,753.000,996.000,243.000,0.000,42.2618655216275130,-72.3534395731392408,O,
38.614,209.918,50.000,755.000,996.000,241.000,0.000,42.2617573229793848,-72.3535237014201016,O,
39.154,209.918,50.000,758.000,996.000,238.000,0.000,42.2616491243312566,-72.3536078297009482,O,
39.693,209.918,50.000,756.000,996.000,240.000,0.000,42.2615409256831285,-72.3536919579818090,O,
40.233,209.918,50.000,755.000,996.000,241.000,0.000,42.2614327270350003,-72.3537760862626556,O,
40.773,209.918,50.000,756.000,996.000,240.000,0.000,42.2613245283868721,-72.3538602145435163,O,
41.312,209.918,50.000,757.000,996.000,239.000,0.000,42.2612163297387440,-72.3539443428243771,O,
41.852,209.918,50.000,758.000,996.000,238.000,0.000,42.2611081310906158,-72.3540284711052237,O,
42.392,209.918,50.000,758.000,996.000,238.000,0.000,42.2609999324424876,-72.3541125993860845,O,
42.931,209.918,50.000,759.000,996.000,237.000,0.000,42.2608917337943666,-72.3541967276669311,O,
43.471,209.918,50.000,759.000,996.000,237.000,0.000,42.2607835351462384,-72.3542808559477919,O,
44.011,209.918,50.000,758.000,996.000,238.000,0.000,42.2606753364981103,-72.3543649842286527,O,
44.550,209.918,50.000,758.000,996.000,238.000,0.000,42.2605671378499821,-72.3544491125094993,O,
45.090,209.918,50.000,754.000,996.000,242.000,0.000,42.2604589392018539,-72.3545332407903601,O,
45.629,209.918,50.000,752.000,996.000,244.000,0.000,42.2603507405537258,-72.3546173690712067,O,
46.169,209.918,50.000,752.000,996.000,244.000,0.000,42.2602425419055976,-72.3547014973520675,O,
46.709,209.918,50.000,755.000,996.000,241.000,0.000,42.2601343432574694,-72.3547856256329283,O,
47.248,209.918,50.000,759.000,996.000,237.000,0.000,42.2600261446093413,-72.3548697539137748,O,
47.788,209.918,50.000,766.000,996.000,230.000,16.000,42.2599179459612131,-72.3549538821946356,O,
48.328,209.919,50.000,776.000,1012.000,236.000,0.000,42.2598097473130849,-72.3550380104754822,O,
48.867,209.919,50.000,784.000,1012.000,228.000,16.000,42.2597015486649568,-72.3551221387563430,O,
49.407,209.919,50.000,789.000,1028.000,239.000,0.000,42.2595933500168286,-72.3552062670372038,O,
49.947,209.919,50.000,793.000,1028.000,235.000,0.000,42.2594851513687004,-72.3552903953180504,O,
50.486,209.919,50.000,793.000,1028.000,235.000,0.000,42.2593769527205723,-72.3553745235989112,O,
51.026,209.919,50.000,793.000,1028.000,235.000,0.000,42.2592687540724441,-72.3554586518797578,O,
51.566,209.919,50.000,794.000,1028.000,234.000,0.000,42.2591605554243159,-72.3555427801606186,O,
52.105,209.919,50.000,795.000,1028.000,233.000,0.000,42.2590523567761878,-72.3556269084414794,O,
52.645,209.919,50.000,797.000,1028.000,231.000,0.000,42.2589441581280667,-72.3557110367223260,O,
53.185,209.919,50.000,799.000,1028.000,229.000,0.000,42.2588359594799385,-72.3557951650031868,O,
53.724,209.919,50.000,802.000,1028.000,226.000,16.000,42.2587277608318104,-72.3558792932840333,O,
54.264,209.919,50.000,805.000,1044.000,239.000,0.000,42.2586195621836822,-72.3559634215648941,O,
54.804,209.919,50.000,803.000,1044.000,241.000,0.000,42.2585113635355540,-72.3560475498457549,O,
55.343,209.919,50.000,801.000,1044.000,243.000,0.000,42.2584031648874259,-72.3561316781266015,O,
55.883,209.919,50.000,799.000,1044.000,245.000,0.000,42.2582949662392977,-72.3562158064074623,O,
56.422,209.919,50.000,798.000,1044.000,246.000,0.000,42.2581867675911695,-72.3562999346883089,O,
56.962,209.919,50.000,797.000,1044.000,247.000,0.000,42.2580785689430414,-72.3563840629691697,O,
57.502,209.919,50.000,798.000,1044.000,246.000,0.000,42.2579703702949132,-72.3564681912500305,O,
58.041,209.919,50.000,796.000,1044.000,248.000,0.000,42.2578621716467850,-72.3565523195308771,O,
58.581,209.919,50.000,792.000,1044.000,252.000,0.000,42.2577539729986569,-72.3566364478117379,O,
59.121,209.919,50.000,785.000,1044.000,259.000,0.000,42.2576457743505287,-72.3567205760925845,O,
59.660,209.919,50.000,778.000,1044.000,266.000,0.000,42.2575375757024005,-72.3568047043734452,O,
60.200,209.919,50.000,775.000,1044.000,269.000,0.000,42.2574293770542724,-72.3568888326543060,O,
60.586,209.919,50.000,774.000,1044.000,270.000,0.000,42.2573520965061817,-72.3569489210173913,O,
61.125,330.095,50.000,770.000,1044.000,274.000,-16.000,42.2574603182609749,-72.3570330195719862,O,
61.665,330.095,50.000,767.000,1028.000,261.000,0.000,42.2575685400157752,-72.3571171181265811,O,
62.205,330.095,50.000,765.000,1028.000,263.000,0.000,42.2576767617705684,-72.3572012166811760,O,
62.744,330.095,50.000,763.000,1028.000,265.000,0.000,42.2577849835253687,-72.3572853152357709,O,
63.284,330.095,50.000,764.000,1028.000,264.000,0.000,42.2578932052801619,-72.3573694137903800,O,
63.824,330.095,50.000,765.000,1028.000,263.000,0.000,42.2580014270349551,-72.3574535123449749,O,
64.363,330.095,50.000,765.000,1028.000,263.000,0.000,42.2581096487897554,-72.3575376108995698,O,
64.903,330.095,50.000,766.000,1028.000,262.000,0.000,42.2582178705445486,-72.3576217094541647,O,
65.443,330.095,50.000,768.000,1028.000,260.000,0.000,42.2583260922993418,-72.3577058080087596,O,
65.982,330.095,50.000,770.000,1028.000,258.000,0.000,42.2584343140541421,-72.3577899065633545,O,
66.522,330.095,50.000,770.000,1028.000,258.000,0.000,42.2585425358089353,-72.3578740051179494,O,
67.062,330.095,50.000,768.000,1028.000,260.000,0.000,42.2586507575637356,-72.3579581036725443,O,
67.602,330.095,50.000,767.000,1028.000,261.000,0.000,42.2587589793185288,-72.3580422022271392,O,
68.141,330.095,50.000,765.000,1028.000,263.000,0.000,42.2588672010733220,-72.3581263007817341,O,
68.681,330.095,50.000,759.000,1028.000,269.000,-16.000,42.2589754228281222,-72.3582103993363432,O,
69.221,330.095,50.000,750.000,1012.000,262.000,0.000,42.2590836445829154,-72.3582944978909381,O,
69.760,330.095,50.000,742.000,1012.000,270.000,-16.000,42.2591918663377157,-72.3583785964455330,O,
70.300,330.095,50.000,735.000,996.000,261.000,0.000,42.2593000880925089,-72.3584626950001280,O,
70.840,330.095,50.000,729.000,996.000,267.000,0.000,42.2594083098473021,-72.3585467935547229,O,
71.379,330.095,50.000,724.000,996.000,272.000,0.000,42.2595165316021024,-72.3586308921093178,O,
71.919,330.095,50.000,721.000,996.000,275.000,-16.000,42.2596247533568956,-72.3587149906639127,O,
72.459,330.095,50.000,720.000,980.000,260.000,0.000,42.2597329751116888,-72.3587990892185076,O,
72.998,330.095,50.000,720.000,980.000,260.000,0.000,42.2598411968664891,-72.3588831877731025,O,
73.538,330.096,50.000,720.000,980.000,260.000,0.000,42.2599494186212823,-72.3589672863277116,O,
74.078,330.096,50.000,720.000,980.000,260.000,0.000,42.2600576403760826,-72.3590513848823065,O,
74.617,330.096,50.000,719.000,980.000,261.000,0.000,42.2601658621308758,-72.3591354834369014,O,
75.157,330.096,50.000,716.000,980.000,264.000,0.000,42.2602740838856690,-72.3592195819914963,O,
75.697,330.096,50.000,711.000,980.000,269.000,0.000,42.2603823056404693,-72.3593036805460912,O,
76.237,330.096,50.000,708.000,980.000,272.000,0.000,42.2604905273952625,-72.3593877791006861,O,
76.776,330.096,50.000,705.000,980.000,275.000,-16.000,42.2605987491500557,-72.3594718776552810,O,
77.316,330.096,50.000,703.000,964.000,261.000,0.000,42.2607069709048560,-72.3595559762098759,O,
77.856,330.096,50.000,703.000,964.000,261.000,0.000,42.2608151926596491,-72.3596400747644708,O,
78.395,330.096,50.000,702.000,964.000,262.000,0.000,42.2609234144144494,-72.3597241733190799,O,
78.935,330.096,50.000,701.000,964.000,263.000,0.000,42.2610316361692426,-72.3598082718736748,O,
79.475,330.096,50.000,700.000,964.000,264.000,0.000,42.2611398579240358,-72.3598923704282697,O,
80.014,330.096,50.000,699.000,964.000,265.000,0.000,42.2612480796788361,-72.3599764689828646,O,
80.554,330.096,50.000,698.000,964.000,266.000,0.000,42.2613563014336293,-72.3600605675374595,O,
81.094,330.096,50.000,697.000,964.000,267.000,0.000,42.2614645231884296,-72.3601446660920544,O,
81.633,330.096,50.000,694.000,964.000,270.000,0.000,42.2615727449432228,-72.3602287646466493,O,
82.173,330.096,50.000,691.000,964.000,273.000,-16.000,42.2616809666980160,-72.3603128632012442,O,
82.713,330.096,50.000,686.000,948.000,262.000,0.000,42.2617891884528163,-72.3603969617558391,O,
83.252,330.096,50.000,680.000,948.000,268.000,0.000,42.2618974102076095,-72.3604810603104340,O,
83.792,330.096,50.000,676.000,948.000,272.000,0.000,42.2620056319624027,-72.3605651588650431,O,
84.332,330.096,50.000,675.000,948.000,273.000,-16.000,42.2621138537172030,-72.3606492574196380,O,
84.871,330.096,50.000,672.000,932.000,260.000,0.000,42.2622220754719962,-72.3607333559742329,O,
85.411,330.096,50.000,671.000,932.000,261.000,0.000,42.2623302972267965,-72.3608174545288279,O,
85.951,330.097,50.000,672.000,932.000,260.000,0.000,42.2624385189815897,-72.3609015530834228,O,
86.491,330.097,50.000,673.000,932.000,259.000,0.000,42.2625467407363828,-72.3609856516380177,O,
87.030,330.097,50.000,673.000,932.000,259.000,0.000,42.2626549624911831,-72.3610697501926126,O,
87.570,330.097,50.000,673.000,932.000,259.000,0.000,42.2627631842459763,-72.3611538487472075,O,
88.110,330.097,50.000,670.000,932.000,262.000,0.000,42.2628714060007766,-72.3612379473018024,O,
88.649,330.097,50.000,668.000,932.000,264.000,0.000,42.2629796277555698,-72.3613220458564115,O,
89.189,330.097,50.000,665.000,932.000,267.000,0.000,42.2630878495103630,-72.3614061444110064,O,
89.729,330.097,50.000,662.000,932.000,270.000,0.000,42.2631960712651633,-72.3614902429656013,O,
90.268,330.097,50.000,658.000,932.000,274.000,-16.000,42.2633042930199565,-72.3615743415201962,O,
90.808,330.097,50.000,654.000,916.000,262.000,0.000,42.2634125147747497,-72.3616584400747911,O,
91.348,330.097,50.000,652.000,916.000,264.000,0.000,42.2635207365295500,-72.3617425386293860,O,
91.887,330.097,50.000,649.000,916.000,267.000,0.000,42.2636289582843432,-72.3618266371839809,O,
92.427,330.097,50.000,648.000,916.000,268.000,0.000,42.2637371800391435,-72.3619107357385758,O,
92.967,330.097,50.000,646.000,916.000,270.000,0.000,42.2638454017939367,-72.3619948342931707,O,
93.506,330.097,50.000,644.000,916.000,272.000,0.000,42.2639536235487299,-72.3620789328477798,O,
94.046,330.097,50.000,642.000,916.000,274.000,-16.000,42.2640618453035302,-72.3621630314023747,O,
94.586,330.097,50.000,638.000,900.000,262.000,0.000,42.2641700670583234,-72.3622471299569696,O,
95.125,330.097,50.000,629.000,900.000,271.000,-16.000,42.2642782888131237,-72.3623312285115645,O,
95.665,330.097,50.000,620.000,884.000,264.000,0.000,42.2643865105679168,-72.3624153270661594,O,
96.205,330.097,50.000,612.000,884.000,272.000,-16.000,42.2644947323227100,-72.3624994256207543,O,
96.744,330.097,50.000,608.000,868.000,260.000,0.000,42.2646029540775103,-72.3625835241753492,O,
97.284,330.097,50.000,605.000,868.000,263.000,0.000,42.2647111758323035,-72.3626676227299441,O,
97.824,330.097,50.000,603.000,868.000,265.000,0.000,42.2648193975870967,-72.3627517212845390,O,
98.364,330.097,50.000,600.000,868.000,268.000,0.000,42.2649276193418970,-72.3628358198391339,O,
98.903,330.098,50.000,595.000,868.000,273.000,-16.000,42.2650358410966902,-72.3629199183937430,O,
99.443,330.098,50.000,591.000,852.000,261.000,0.000,42.2651440628514905,-72.3630040169483379,O,
99.983,330.098,50.000,586.000,852.000,266.000,0.000,42.2652522846062837,-72.3630881155029329,O,
100.522,330.098,50.000,581.000,852.000,271.000,-16.000,42.2653605063610769,-72.3631722140575278,O,
101.062,330.098,50.000,576.000,836.000,260.000,0.000,42.2654687281158772,-72.3632563126121227,O,
101.602,330.098,50.000,571.000,836.000,265.000,0.000,42.2655769498706704,-72.3633404111667176,O,
102.141,330.098,50.000,571.000,836.000,265.000,0.000,42.2656851716254707,-72.3634245097213125,O,
102.681,330.098,50.000,570.000,836.000,266.000,0.000,42.2657933933802639,-72.3635086082759074,O,
103.221,330.098,50.000,567.000,836.000,269.000,0.000,42.2659016151350571,-72.3635927068305023,O,
103.760,330.098,50.000,563.000,836.000,273.000,-16.000,42.2660098368898574,-72.3636768053851114,O,
104.300,330.098,50.000,559.000,820.000,261.000,0.000,42.2661180586446505,-72.3637609039397063,O,
104.840,330.098,50.000,553.000,820.000,267.000,0.000,42.2662262803994437,-72.3638450024943012,O,
105.379,330.098,50.000,548.000,820.000,272.000,0.000,42.2663345021542440,-72.3639291010488961,O,
105.608,330.098,50.000,546.000,820.000,274.000,0.000,42.2663803044936088,-72.3639646938051300,O,
106.046,90.006,50.000,550.000,820.000,270.000,0.000,42.2663802943418361,-72.3638276371927702,O,
106.485,90.006,50.000,555.000,820.000,265.000,0.000,42.2663802841900562,-72.3636905805803963,O,
106.923,90.006,50.000,561.000,820.000,259.000,0.000,42.2663802740382835,-72.3635535239680365,O,
107.362,90.006,50.000,567.000,820.000,253.000,0.000,42.2663802638865036,-72.3634164673556626,O,
107.800,90.006,50.000,572.000,820.000,248.000,0.000,42.2663802537347308,-72.3632794107433028,O,
108.238,90.006,50.000,573.000,820.000,247.000,0.000,42.2663802435829510,-72.3631423541309289,O,
108.677,90.006,50.000,575.000,820.000,245.000,0.000,42.2663802334311782,-72.3630052975185691,O,
109.115,90.006,50.000,576.000,820.000,244.000,0.000,42.2663802232793984,-72.3628682409061952,O,
109.554,90.006,50.000,578.000,820.000,242.000,0.000,42.2663802131276256,-72.3627311842938354,O,
109.992,90.006,50.000,580.000,820.000,240.000,0.000,42.2663802029758457,-72.3625941276814757,O,
110.431,90.006,50.000,583.000,820.000,237.000,0.000,42.2663801928240730,-72.3624570710691017,O,
110.869,90.006,50.000,587.000,820.000,233.000,0.000,42.2663801826722931,-72.3623200144567420,O,
111.308,90.006,50.000,592.000,820.000,228.000,0.000,42.2663801725205204,-72.3621829578443680,O,
111.746,90.006,50.000,595.000,820.000,225.000,16.000,42.2663801623687405,-72.3620459012320083,O,
112.185,90.006,50.000,597.000,836.000,239.000,0.000,42.2663801522169678,-72.3619088446196344,O,
112.623,90.006,50.000,597.000,836.000,239.000,0.000,42.2663801420651879,-72.3617717880072746,O,
113.061,90.006,50.000,597.000,836.000,239.000,0.000,42.2663801319134151,-72.3616347313949007,O,
113.500,90.006,50.000,595.000,836.000,241.000,0.000,42.2663801217616353,-72.3614976747825409,O,
113.938,90.006,50.000,594.000,836.000,242.000,0.000,42.2663801116098625,-72.3613606181701812,O,
114.377,90.006,50.000,594.000,836.000,242.000,0.000,42.2663801014580827,-72.3612235615578072,O,
114.815,90.006,50.000,594.000,836.000,242.000,0.000,42.2663800913063099,-72.3610865049454475,O,
115.254,90.006,50.000,596.000,836.000,240.000,0.000,42.2663800811545300,-72.3609494483330735,O,
115.692,90.006,50.000,597.000,836.000,239.000,0.000,42.2663800710027573,-72.3608123917207138,O,
116.131,90.006,50.000,597.000,836.000,239.000,0.000,42.2663800608509774,-72.3606753351083398,O,
116.569,90.006,50.000,597.000,836.000,239.000,0.000,42.2663800506992047,-72.3605382784959801,O,
117.007,90.006,50.000,597.000,836.000,239.000,0.000,42.2663800405474248,-72.3604012218836061,O,
117.446,90.006,50.000,598.000,836.000,238.000,0.000,42.2663800303956521,-72.3602641652712464,O,
117.884,90.006,50.000,603.000,836.000,233.000,0.000,42.2663800202438722,-72.3601271086588866,O,
118.323,90.006,50.000,608.000,836.000,228.000,16.000,42.2663800100920994,-72.3599900520465127,O,
118.761,90.006,50.000,614.000,852.000,238.000,0.000,42.2663799999403196,-72.3598529954341529,O,
119.200,90.006,50.000,621.000,852.000,231.000,0.000,42.2663799897885468,-72.3597159388217790,O,
119.638,90.006,50.000,625.000,852.000,227.000,16.000,42.2663799796367670,-72.3595788822094192,O,
120.077,90.006,50.000,630.000,868.000,238.000,0.000,42.2663799694849942,-72.3594418255970453,O,
120.515,90.006,50.000,635.000,868.000,233.000,0.000,42.2663799593332143,-72.3593047689846856,O,
120.954,90.006,50.000,640.000,868.000,228.000,16.000,42.2663799491814416,-72.3591677123723116,O,
121.392,90.006,50.000,645.000,884.000,239.000,0.000,42.2663799390296617,-72.3590306557599519,O,
121.830,90.006,50.000,649.000,884.000,235.000,0.000,42.2663799288778890,-72.3588935991475921,O,
122.269,90.006,50.000,651.000,884.000,233.000,0.000,42.2663799187261162,-72.3587565425352182,O,
122.707,90.006,50.000,653.000,884.000,231.000,0.000,42.2663799085743364,-72.3586194859228584,O,
123.146,90.006,50.000,653.000,884.000,231.000,0.000,42.2663798984225636,-72.3584824293104845,O,
123.584,90.006,50.000,653.000,884.000,231.000,0.000,42.2663798882707837,-72.3583453726981247,O,
124.023,90.006,50.000,653.000,884.000,231.000,0.000,42.2663798781190110,-72.3582083160857508,O,
124.461,90.006,50.000,653.000,884.000,231.000,0.000,42.2663798679672311,-72.3580712594733910,O,
124.900,90.006,50.000,653.000,884.000,231.000,0.000,42.2663798578154584,-72.3579342028610171,O,
125.338,90.006,50.000,653.000,884.000,231.000,0.000,42.2663798476636785,-72.3577971462486573,O,
125.777,90.006,50.000,653.000,884.000,231.000,0.000,42.2663798375119057,-72.3576600896362976,O,
126.215,90.006,50.000,653.000,884.000,231.000,0.000,42.2663798273601259,-72.3575230330239236,O,
126.653,90.006,50.000,654.000,884.000,230.000,0.000,42.2663798172083531,-72.3573859764115639,O,
127.092,90.006,50.000,656.000,884.000,228.000,0.000,42.2663798070565733,-72.3572489197991899,O,
127.530,90.006,50.000,657.000,884.000,227.000,0.000,42.2663797969048005,-72.3571118631868302,O,
127.969,90.006,50.000,659.000,884.000,225.000,0.000,42.2663797867530207,-72.3569748065744562,O,
128.057,90.006,50.000,659.000,884.000,225.000,0.000,42.2663797847088816,-72.3569472091431862,O,
128.597,209.913,50.000,658.000,884.000,226.000,0.000,42.2662715817191881,-72.3570313318399911,O,
129.136,209.913,50.000,657.000,884.000,227.000,0.000,42.2661633787294946,-72.3571154545367961,O,
129.676,209.913,50.000,658.000,884.000,226.000,16.000,42.2660551757398011,-72.3571995772336010,O,
130.216,209.913,50.000,660.000,900.000,240.000,0.000,42.2659469727501147,-72.3572836999304059,O,
130.755,209.914,50.000,663.000,900.000,237.000,0.000,42.2658387697604212,-72.3573678226272108,O,
131.295,209.914,50.000,666.000,900.000,234.000,0.000,42.2657305667707277,-72.3574519453240157,O,
131.835,209.914,50.000,670.000,900.000,230.000,0.000,42.2656223637810342,-72.3575360680208348,O,
132.374,209.914,50.000,673.000,900.000,227.000,0.000,42.2655141607913407,-72.3576201907176397,O,
132.914,209.914,50.000,674.000,900.000,226.000,16.000,42.2654059578016472,-72.3577043134144446,O,
133.454,209.914,50.000,676.000,916.000,240.000,0.000,42.2652977548119537,-72.3577884361112496,O,
133.993,209.914,50.000,677.000,916.000,239.000,0.000,42.2651895518222602,-72.3578725588080545,O,
134.533,209.914,50.000,678.000,916.000,238.000,0.000,42.2650813488325738,-72.3579566815048594,O,
135.072,209.914,50.000,679.000,916.000,237.000,0.000,42.2649731458428803,-72.3580408042016643,O,
135.612,209.914,50.000,681.000,916.000,235.000,0.000,42.2648649428531868,-72.3581249268984692,O,
136.152,209.914,50.000,682.000,916.000,234.000,0.000,42.2647567398634934,-72.3582090495952741,O,
136.691,209.914,50.000,683.000,916.000,233.000,0.000,42.2646485368737999,-72.3582931722920790,O,
137.231,209.914,50.000,684.000,916.000,232.000,0.000,42.2645403338841064,-72.3583772949888839,O,
137.771,209.914,50.000,684.000,916.000,232.000,0.000,42.2644321308944129,-72.3584614176856888,O,
138.310,209.914,50.000,685.000,916.000,231.000,0.000,42.2643239279047194,-72.3585455403824938,O,
138.850,209.914,50.000,688.000,916.000,228.000,0.000,42.2642157249150330,-72.3586296630792987,O,
139.390,209.914,50.000,688.000,916.000,228.000,0.000,42.2641075219253395,-72.3587137857761178,O,
139.929,209.914,50.000,689.000,916.000,227.000,16.000,42.2639993189356460,-72.3587979084729227,O,
140.469,209.914,50.000,692.000,932.000,240.000,0.000,42.2638911159459525,-72.3588820311697276,O,
141.009,209.914,50.000,692.000,932.000,240.000,0.000,42.2637829129562590,-72.3589661538665325,O,
141.548,209.914,50.000,692.000,932.000,240.000,0.000,42.2636747099665655,-72.3590502765633374,O,
142.088,209.914,50.000,694.000,932.000,238.000,0.000,42.2635665069768720,-72.3591343992601423,O,
142.628,209.914,50.000,696.000,932.000,236.000,0.000,42.2634583039871856,-72.3592185219569473,O,
143.167,209.914,50.000,697.000,932.000,235.000,0.000,42.2633501009974921,-72.3593026446537522,O,
143.707,209.915,50.000,698.000,932.000,234.000,0.000,42.2632418980077986,-72.3593867673505571,O,
144.247,209.915,50.000,699.000,932.000,233.000,0.000,42.2631336950181051,-72.3594708900473620,O,
144.786,209.915,50.000,700.000,932.000,232.000,0.000,42.2630254920284116,-72.3595550127441669,O,
145.326,209.915,50.000,698.000,932.000,234.000,0.000,42.2629172890387181,-72.3596391354409718,O,
145.865,209.915,50.000,696.000,932.000,236.000,0.000,42.2628090860490246,-72.3597232581377767,O,
146.405,209.915,50.000,695.000,932.000,237.000,0.000,42.2627008830593311,-72.3598073808345816,O,
146.945,209.915,50.000,695.000,932.000,237.000,0.000,42.2625926800696448,-72.3598915035314008,O,
147.484,209.915,50.000,694.000,932.000,238.000,0.000,42.2624844770799513,-72.3599756262282057,O,
148.024,209.915,50.000,693.000,932.000,239.000,0.000,42.2623762740902578,-72.3600597489250106,O,
148.564,209.915,50.000,691.000,932.000,241.000,0.000,42.2622680711005643,-72.3601438716218155,O,
149.103,209.915,50.000,688.000,932.000,244.000,0.000,42.2621598681108708,-72.3602279943186204,O,
149.643,209.915,50.000,684.000,932.000,248.000,0.000,42.2620516651211773,-72.3603121170154253,O,
150.183,209.915,50.000,682.000,932.000,250.000,0.000,42.2619434621314838,-72.3603962397122302,O,
150.722,209.915,50.000,682.000,932.000,250.000,0.000,42.2618352591417903,-72.3604803624090351,O,
151.262,209.915,50.000,683.000,932.000,249.000,0.000,42.2617270561521039,-72.3605644851058400,O,
151.802,209.915,50.000,683.000,932.000,249.000,0.000,42.2616188531624104,-72.3606486078026450,O,
152.341,209.915,50.000,682.000,932.000,250.000,0.000,42.2615106501727169,-72.3607327304994499,O,
152.881,209.915,50.000,680.000,932.000,252.000,0.000,42.2614024471830234,-72.3608168531962548,O,
153.421,209.915,50.000,678.000,932.000,254.000,0.000,42.2612942441933299,-72.3609009758930597,O,
153.960,209.915,50.000,677.000,932.000,255.000,0.000,42.2611860412036364,-72.3609850985898646,O,
154.500,209.915,50.000,673.000,932.000,259.000,0.000,42.2610778382139429,-72.3610692212866837,O,
155.040,209.915,50.000,667.000,932.000,265.000,0.000,42.2609696352242565,-72.3611533439834886,O,
155.579,209.915,50.000,661.000,932.000,271.000,-16.000,42.2608614322345630,-72.3612374666802936,O,
156.119,209.916,50.000,656.000,916.000,260.000,0.000,42.2607532292448695,-72.3613215893770985,O,
156.659,209.916,50.000,651.000,916.000,265.000,0.000,42.2606450262551760,-72.3614057120739034,O,
157.198,209.916,50.000,646.000,916.000,270.000,0.000,42.2605368232654826,-72.3614898347707083,O,
157.738,209.916,50.000,645.000,916.000,271.000,0.000,42.2604286202757891,-72.3615739574675132,O,
158.277,209.916,50.000,643.000,916.000,273.000,0.000,42.2603204172860956,-72.3616580801643181,O,
158.817,209.916,50.000,643.000,916.000,273.000,0.000,42.2602122142964021,-72.3617422028611230,O,
159.357,209.916,50.000,641.000,916.000,275.000,-16.000,42.2601040113067157,-72.3618263255579279,O,
159.896,209.916,50.000,638.000,900.000,262.000,0.000,42.2599958083170222,-72.3619104482547328,O,
160.436,209.916,50.000,636.000,900.000,264.000,0.000,42.2598876053273287,-72.3619945709515378,O,
160.976,209.916,50.000,632.000,900.000,268.000,0.000,42.2597794023376352,-72.3620786936483427,O,
161.515,209.916,50.000,628.000,900.000,272.000,0.000,42.2596711993479417,-72.3621628163451476,O,
162.055,209.916,50.000,628.000,900.000,272.000,0.000,42.2595629963582482,-72.3622469390419667,O,
162.595,209.916,50.000,626.000,900.000,274.000,-16.000,42.2594547933685547,-72.3623310617387716,O,
163.134,209.916,50.000,621.000,884.000,263.000,0.000,42.2593465903788612,-72.3624151844355765,O,
163.674,209.916,50.000,617.000,884.000,267.000,0.000,42.2592383873891748,-72.3624993071323814,O,
164.214,209.916,50.000,614.000,884.000,270.000,0.000,42.2591301843994813,-72.3625834298291863,O,
164.753,209.916,50.000,610.000,884.000,274.000,-16.000,42.2590219814097878,-72.3626675525259913,O,
165.293,209.916,50.000,608.000,868.000,260.000,0.000,42.2589137784200943,-72.3627516752227962,O,
165.833,209.916,50.000,608.000,868.000,260.000,0.000,42.2588055754304008,-72.3628357979196011,O,
166.372,209.916,50.000,611.000,868.000,257.000,0.000,42.2586973724407073,-72.3629199206164060,O,
166.912,209.916,50.000,614.000,868.000,254.000,0.000,42.2585891694510138,-72.3630040433132109,O,
167.452,209.916,50.000,619.000,868.000,249.000,0.000,42.2584809664613203,-72.3630881660100158,O,
167.991,209.916,50.000,624.000,868.000,244.000,0.000,42.2583727634716340,-72.3631722887068207,O,
168.531,209.916,50.000,628.000,868.000,240.000,0.000,42.2582645604819405,-72.3632564114036256,O,
169.071,209.917,50.000,633.000,868.000,235.000,0.000,42.2581563574922470,-72.3633405341004305,O,
169.610,209.917,50.000,638.000,868.000,230.000,0.000,42.2580481545025535,-72.3634246567972497,O,
170.150,209.917,50.000,637.000,868.000,231.000,0.000,42.2579399515128600,-72.3635087794940546,O,
170.690,209.917,50.000,635.000,868.000,233.000,0.000,42.2578317485231665,-72.3635929021908595,O,
171.229,209.917,50.000,631.000,868.000,237.000,0.000,42.2577235455334730,-72.3636770248876644,O,
171.769,209.917,50.000,624.000,868.000,244.000,0.000,42.2576153425437866,-72.3637611475844693,O,
172.309,209.917,50.000,616.000,868.000,252.000,0.000,42.2575071395540931,-72.3638452702812742,O,
172.848,209.917,50.000,609.000,868.000,259.000,0.000,42.2573989365643996,-72.3639293929780791,O,
173.079,209.917,50.000,607.000,868.000,261.000,0.000,42.2573526161275197,-72.3639654049226522,O,
173.619,330.092,50.000,610.000,868.000,258.000,0.000,42.2574608335391630,-72.3640495090659073,O,
174.159,330.092,50.000,616.000,868.000,252.000,0.000,42.2575690509508135,-72.3641336132091624,O,
174.698,330.092,50.000,622.000,868.000,246.000,0.000,42.2576772683624569,-72.3642177173524175,O,
175.238,330.092,50.000,625.000,868.000,243.000,0.000,42.2577854857741073,-72.3643018214956726,O,
175.778,330.092,50.000,627.000,868.000,241.000,0.000,42.2578937031857507,-72.3643859256389277,O,
176.317,330.092,50.000,629.000,868.000,239.000,0.000,42.2580019205974011,-72.3644700297821828,O,
176.857,330.092,50.000,625.000,868.000,243.000,0.000,42.2581101380090445,-72.3645541339254379,O,
177.397,330.092,50.000,619.000,868.000,249.000,0.000,42.2582183554206949,-72.3646382380686930,O,
177.936,330.092,50.000,614.000,868.000,254.000,0.000,42.2583265728323383,-72.3647223422119481,O,
178.476,330.092,50.000,600.000,868.000,268.000,-16.000,42.2584347902439887,-72.3648064463552032,O,
179.016,330.092,50.000,586.000,852.000,266.000,-16.000,42.2585430076556321,-72.3648905504984583,O,
179.556,330.092,50.000,573.000,836.000,263.000,0.000,42.2586512250672826,-72.3649746546417134,O,
180.095,330.092,50.000,567.000,836.000,269.000,0.000,42.2587594424789259,-72.3650587587849685,O,
180.635,330.092,50.000,562.000,836.000,274.000,0.000,42.2588676598905764,-72.3651428629282378,O,
181.175,330.093,50.000,561.000,836.000,275.000,-16.000,42.2589758773022197,-72.3652269670714929,O,
181.714,330.093,50.000,558.000,820.000,262.000,0.000,42.2590840947138702,-72.3653110712147480,O,
182.254,330.093,50.000,556.000,820.000,264.000,0.000,42.2591923121255135,-72.3653951753580031,O,
182.794,330.093,50.000,554.000,820.000,266.000,0.000,42.2593005295371640,-72.3654792795012582,O,
183.333,330.093,50.000,552.000,820.000,268.000,0.000,42.2594087469488073,-72.3655633836445134,O,
183.873,330.093,50.000,551.000,820.000,269.000,0.000,42.2595169643604578,-72.3656474877877685,O,
184.413,330.093,50.000,550.000,820.000,270.000,0.000,42.2596251817721011,-72.3657315919310236,O,
184.952,330.093,50.000,548.000,820.000,272.000,0.000,42.2597333991837516,-72.3658156960742787,O,
185.492,330.093,50.000,547.000,820.000,273.000,-16.000,42.2598416165953950,-72.3658998002175338,O,
186.032,330.093,50.000,544.000,804.000,260.000,0.000,42.2599498340070454,-72.3659839043607889,O,
186.571,330.093,50.000,541.000,804.000,263.000,0.000,42.2600580514186888,-72.3660680085040440,O,
187.111,330.093,50.000,539.000,804.000,265.000,0.000,42.2601662688303392,-72.3661521126472991,O,
187.651,330.093,50.000,537.000,804.000,267.000,0.000,42.2602744862419826,-72.3662362167905542,O,
188.190,330.093,50.000,536.000,804.000,268.000,0.000,42.2603827036536330,-72.3663203209338093,O,
188.730,330.093,50.000,535.000,804.000,269.000,0.000,42.2604909210652764,-72.3664044250770644,O,
189.270,330.093,50.000,535.000,804.000,269.000,0.000,42.2605991384769268,-72.3664885292203195,O,
189.809,330.093,50.000,535.000,804.000,269.000,0.000,42.2607073558885702,-72.3665726333635746,O,
190.349,330.093,50.000,535.000,804.000,269.000,0.000,42.2608155733002206,-72.3666567375068297,O,
190.889,330.093,50.000,534.000,804.000,270.000,0.000,42.2609237907118640,-72.3667408416500848,O,
191.429,330.093,50.000,534.000,804.000,270.000,0.000,42.2610320081235145,-72.3668249457933399,O,
191.968,330.093,50.000,534.000,804.000,270.000,0.000,42.2611402255351578,-72.3669090499365950,O,
192.508,330.093,50.000,533.000,804.000,271.000,0.000,42.2612484429468083,-72.3669931540798501,O,
193.048,330.093,50.000,530.000,804.000,274.000,0.000,42.2613566603584516,-72.3670772582231052,O,
193.587,330.093,50.000,529.000,804.000,275.000,-16.000,42.2614648777701021,-72.3671613623663603,O,
194.127,330.094,50.000,528.000,788.000,260.000,0.000,42.2615730951817454,-72.3672454665096154,O,
194.667,330.094,50.000,527.000,788.000,261.000,0.000,42.2616813125933959,-72.3673295706528705,O,
195.206,330.094,50.000,528.000,788.000,260.000,0.000,42.2617895300050392,-72.3674136747961398,O,
195.590,330.094,50.000,528.000,788.000,260.000,0.000,42.2618665610335640,-72.3674735415824415,O,
196.029,90.003,50.000,531.000,788.000,257.000,0.000,42.2618665550752368,-72.3673364849698260,O,
196.467,90.003,50.000,533.000,788.000,255.000,0.000,42.2618665491169168,-72.3671994283572104,O,
196.906,90.003,50.000,532.000,788.000,256.000,0.000,42.2618665431585896,-72.3670623717446091,O,
197.344,90.003,50.000,531.000,788.000,257.000,0.000,42.2618665372002624,-72.3669253151319936,O,
197.783,90.003,50.000,531.000,788.000,257.000,0.000,42.2618665312419424,-72.3667882585193780,O,
198.221,90.003,50.000,531.000,788.000,257.000,0.000,42.2618665252836152,-72.3666512019067625,O,
198.660,90.003,50.000,530.000,788.000,258.000,0.000,42.2618665193252880,-72.3665141452941469,O,
199.098,90.003,50.000,528.000,788.000,260.000,0.000,42.2618665133669609,-72.3663770886815456,O,
199.537,90.003,50.000,528.000,788.000,260.000,0.000,42.2618665074086408,-72.3662400320689301,O,
199.975,90.003,50.000,527.000,788.000,261.000,0.000,42.2618665014503136,-72.3661029754563145,O,
200.414,90.003,50.000,529.000,788.000,259.000,0.000,42.2618664954919865,-72.3659659188436990,O,
200.852,90.003,50.000,531.000,788.000,257.000,0.000,42.2618664895336664,-72.3658288622310977,O,
201.291,90.003,50.000,532.000,788.000,256.000,0.000,42.2618664835753393,-72.3656918056184821,O,
201.729,90.003,50.000,534.000,788.000,254.000,0.000,42.2618664776170121,-72.3655547490058666,O,
202.168,90.003,50.000,537.000,788.000,251.000,0.000,42.2618664716586920,-72.3654176923932511,O,
202.606,90.003,50.000,540.000,788.000,248.000,0.000,42.2618664657003649,-72.3652806357806355,O,
203.045,90.003,50.000,546.000,788.000,242.000,0.000,42.2618664597420377,-72.3651435791680342,O,
203.483,90.003,50.000,551.000,788.000,237.000,0.000,42.2618664537837105,-72.3650065225554187,O,
203.922,90.003,50.000,556.000,788.000,232.000,0.000,42.2618664478253905,-72.3648694659428031,O,
204.360,90.003,50.000,562.000,788.000,226.000,16.000,42.2618664418670633,-72.3647324093301876,O,
204.799,90.003,50.000,565.000,804.000,239.000,0.000,42.2618664359087362,-72.3645953527175720,O,
205.237,90.003,50.000,567.000,804.000,237.000,0.000,42.2618664299504161,-72.3644582961049707,O,
205.676,90.003,50.000,571.000,804.000,233.000,0.000,42.2618664239920889,-72.3643212394923552,O,
206.114,90.003,50.000,575.000,804.000,229.000,0.000,42.2618664180337618,-72.3641841828797396,O,
206.553,90.003,50.000,579.000,804.000,225.000,16.000,42.2618664120754417,-72.3640471262671241,O,
206.991,90.003,50.000,582.000,820.000,238.000,0.000,42.2618664061171145,-72.3639100696545228,O,
207.429,90.003,50.000,588.000,820.000,232.000,0.000,42.2618664001587874,-72.3637730130419072,O,
207.868,90.003,50.000,593.000,820.000,227.000,16.000,42.2618663942004602,-72.3636359564292917,O,
208.306,90.003,50.000,599.000,836.000,237.000,0.000,42.2618663882421401,-72.3634988998166762,O,
208.745,90.003,50.000,606.000,836.000,230.000,16.000,42.2618663822838130,-72.3633618432040606,O,
209.183,90.003,50.000,614.000,852.000,238.000,0.000,42.2618663763254858,-72.3632247865914593,O,
209.622,90.003,50.000,623.000,852.000,229.000,16.000,42.2618663703671658,-72.3630877299788438,O,
210.060,90.003,50.000,628.000,868.000,240.000,0.000,42.2618663644088386,-72.3629506733662282,O,
210.499,90.003,50.000,633.000,868.000,235.000,0.000,42.2618663584505114,-72.3628136167536127,O,
210.937,90.003,50.000,636.000,868.000,232.000,0.000,42.2618663524921914,-72.3626765601409971,O,
211.376,90.003,50.000,639.000,868.000,229.000,0.000,42.2618663465338642,-72.3625395035283958,O,
211.814,90.003,50.000,642.000,868.000,226.000,16.000,42.2618663405755370,-72.3624024469157803,O,
212.253,90.003,50.000,645.000,884.000,239.000,0.000,42.2618663346172170,-72.3622653903031647,O,
212.691,90.003,50.000,648.000,884.000,236.000,0.000,42.2618663286588898,-72.3621283336905492,O,
213.130,90.003,50.000,652.000,884.000,232.000,0.000,42.2618663227005626,-72.3619912770779479,O,
213.568,90.003,50.000,655.000,884.000,229.000,0.000,42.2618663167422355,-72.3618542204653323,O,
214.007,90.003,50.000,658.000,884.000,226.000,16.000,42.2618663107839154,-72.3617171638527168,O,
214.445,90.003,50.000,660.000,900.000,240.000,0.000,42.2618663048255883,-72.3615801072401013,O,
214.884,90.003,50.000,661.000,900.000,239.000,0.000,42.2618662988672611,-72.3614430506274857,O,
215.322,90.003,50.000,664.000,900.000,236.000,0.000,42.2618662929089410,-72.3613059940148844,O,
215.761,90.003,50.000,667.000,900.000,233.000,0.000,42.2618662869506139,-72.3611689374022689,O,
216.199,90.003,50.000,671.000,900.000,229.000,0.000,42.2618662809922867,-72.3610318807896533,O,
216.638,90.003,50.000,674.000,900.000,226.000,16.000,42.2618662750339666,-72.3608948241770378,O,
217.076,90.003,50.000,677.000,916.000,239.000,0.000,42.2618662690756395,-72.3607577675644222,O,
217.515,90.003,50.000,678.000,916.000,238.000,0.000,42.2618662631173123,-72.3606207109518209,O,
217.953,90.003,50.000,681.000,916.000,235.000,0.000,42.2618662571589851,-72.3604836543392054,O,
218.541,37.263,50.000,682.000,916.000,234.000,0.000,42.2619744555624379,-72.3603724301529496,O,
219.080,29.917,50.000,685.000,916.000,231.000,0.000,42.2620826551438853,-72.3602883030724797,O,
219.620,29.917,50.000,689.000,916.000,227.000,16.000,42.2621908547253398,-72.3602041759919956,O,
220.160,29.917,50.000,692.000,932.000,240.000,0.000,42.2622990543067942,-72.3601200489115257,O,
220.699,29.917,50.000,693.000,932.000,239.000,0.000,42.2624072538882416,-72.3600359218310416,O,
221.239,29.917,50.000,694.000,932.000,238.000,0.000,42.2625154534696961,-72.3599517947505575,O,
221.779,29.917,50.000,695.000,932.000,237.000,0.000,42.2626236530511505,-72.3598676676700876,O,
222.318,29.917,50.000,695.000,932.000,237.000,0.000,42.2627318526325979,-72.3597835405896035,O,
222.858,29.917,50.000,696.000,932.000,236.000,0.000,42.2628400522140524,-72.3596994135091194,O,
223.398,29.917,50.000,699.000,932.000,233.000,0.000,42.2629482517955068,-72.3596152864286495,O,
223.937,29.917,50.000,700.000,932.000,232.000,0.000,42.2630564513769613,-72.3595311593481654,O,
224.477,29.917,50.000,698.000,932.000,234.000,0.000,42.2631646509584087,-72.3594470322676955,O,
225.017,29.917,50.000,697.000,932.000,235.000,0.000,42.2632728505398632,-72.3593629051872114,O,
225.556,29.917,50.000,697.000,932.000,235.000,0.000,42.2633810501213176,-72.3592787781067273,O,
226.096,29.917,50.000,696.000,932.000,236.000,0.000,42.2634892497027650,-72.3591946510262574,O,
226.635,29.917,50.000,693.000,932.000,239.000,0.000,42.2635974492842195,-72.3591105239457733,O,
227.175,29.916,50.000,692.000,932.000,240.000,0.000,42.2637056488656739,-72.3590263968652891,O,
227.715,29.916,50.000,692.000,932.000,240.000,0.000,42.2638138484471213,-72.3589422697848192,O,
228.254,29.916,50.000,691.000,932.000,241.000,0.000,42.2639220480285758,-72.3588581427043351,O,
228.794,29.916,50.000,689.000,932.000,243.000,0.000,42.2640302476100302,-72.3587740156238652,O,
229.334,29.916,50.000,688.000,932.000,244.000,0.000,42.2641384471914776,-72.3586898885433811,O,
229.873,29.916,50.000,687.000,932.000,245.000,0.000,42.2642466467729321,-72.3586057614628970,O,
230.413,29.916,50.000,685.000,932.000,247.000,0.000,42.2643548463543866,-72.3585216343824271,O,
230.953,29.916,50.000,684.000,932.000,248.000,0.000,42.2644630459358339,-72.3584375073019430,O,
231.492,29.916,50.000,684.000,932.000,248.000,0.000,42.2645712455172884,-72.3583533802214589,O,
232.032,29.916,50.000,683.000,932.000,249.000,0.000,42.2646794450987429,-72.3582692531409890,O,
232.572,29.916,50.000,682.000,932.000,250.000,0.000,42.2647876446801902,-72.3581851260605049,O,
233.111,29.916,50.000,680.000,932.000,252.000,0.000,42.2648958442616447,-72.3581009989800350,O,
233.651,29.916,50.000,679.000,932.000,253.000,0.000,42.2650040438430992,-72.3580168718995509,O,
234.190,29.916,50.000,678.000,932.000,254.000,0.000,42.2651122434245536,-72.3579327448190668,O,
234.730,29.916,50.000,677.000,932.000,255.000,0.000,42.2652204430060010,-72.3578486177385969,O,
235.270,29.916,50.000,675.000,932.000,257.000,0.000,42.2653286425874555,-72.3577644906581128,O,
235.809,29.916,50.000,674.000,932.000,258.000,0.000,42.2654368421689099,-72.3576803635776287,O,
236.349,29.916,50.000,673.000,932.000,259.000,0.000,42.2655450417503573,-72.3575962364971588,O,
236.889,29.916,50.000,669.000,932.000,263.000,0.000,42.2656532413318118,-72.3575121094166747,O,
237.428,29.916,50.000,665.000,932.000,267.000,0.000,42.2657614409132663,-72.3574279823362048,O,
237.968,29.916,50.000,662.000,932.000,270.000,0.000,42.2658696404947136,-72.3573438552557207,O,
238.508,29.916,50.000,659.000,932.000,273.000,0.000,42.2659778400761681,-72.3572597281752365,O,
239.047,29.916,50.000,657.000,932.000,275.000,0.000,42.2660860396576226,-72.3571756010947666,O,
239.587,29.915,50.000,658.000,932.000,274.000,0.000,42.2661942392390699,-72.3570914740142825,O,
240.127,29.915,50.000,659.000,932.000,273.000,0.000,42.2663024388205244,-72.3570073469337984,O,
240.607,106.136,50.000,660.000,932.000,272.000,0.000,42.2662715586097448,-72.3568631161793832,O,
241.147,150.101,50.000,661.000,932.000,271.000,0.000,42.2661633325106010,-72.3567790232155801,O,
241.686,150.101,50.000,661.000,932.000,271.000,0.000,42.2660551064114642,-72.3566949302517770,O,
242.226,150.101,50.000,659.000,932.000,273.000,0.000,42.2659468803123275,-72.3566108372879739,O,
242.766,150.101,50.000,658.000,932.000,274.000,0.000,42.2658386542131836,-72.3565267443241567,O,
243.305,150.100,50.000,660.000,932.000,272.000,0.000,42.2657304281140469,-72.3564426513603536,O,
243.845,150.100,50.000,662.000,932.000,270.000,0.000,42.2656222020149102,-72.3563585583965505,O,
244.385,150.100,50.000,665.000,932.000,267.000,0.000,42.2655139759157663,-72.3562744654327474,O,
244.924,150.100,50.000,670.000,932.000,262.000,0.000,42.2654057498166296,-72.3561903724689444,O,
245.464,150.100,50.000,675.000,932.000,257.000,0.000,42.2652975237174928,-72.3561062795051413,O,
246.004,150.100,50.000,680.000,932.000,252.000,0.000,42.2651892976183490,-72.3560221865413382,O,
246.543,150.100,50.000,686.000,932.000,246.000,0.000,42.2650810715192122,-72.3559380935775351,O,
247.083,150.100,50.000,693.000,932.000,239.000,0.000,42.2649728454200755,-72.3558540006137179,O,
247.623,150.100,50.000,697.000,932.000,235.000,0.000,42.2648646193209387,-72.3557699076499148,O,
248.162,150.100,50.000,701.000,932.000,231.000,0.000,42.2647563932217949,-72.3556858146861117,O,
248.702,150.100,50.000,704.000,932.000,228.000,0.000,42.2646481671226582,-72.3556017217223086,O,
249.242,150.100,50.000,707.000,932.000,225.000,16.000,42.2645399410235214,-72.3555176287585056,O,
249.781,150.100,50.000,711.000,948.000,237.000,0.000,42.2644317149243776,-72.3554335357947025,O,
250.321,150.100,50.000,715.000,948.000,233.000,0.000,42.2643234888252408,-72.3553494428308994,O,
250.861,150.100,50.000,720.000,948.000,228.000,16.000,42.2642152627261041,-72.3552653498670963,O,
251.401,150.100,50.000,725.000,964.000,239.000,0.000,42.2641070366269602,-72.3551812569032933,O,
251.940,150.100,50.000,731.000,964.000,233.000,0.000,42.2639988105278235,-72.3550971639394760,O,
252.480,150.100,50.000,735.000,964.000,229.000,0.000,42.2638905844286867,-72.3550130709756729,O,
253.020,150.100,50.000,737.000,964.000,227.000,16.000,42.2637823583295429,-72.3549289780118698,O,
253.559,150.100,50.000,740.000,980.000,240.000,0.000,42.2636741322304061,-72.3548448850480668,O,
254.099,150.100,50.000,742.000,980.000,238.000,0.000,42.2635659061312694,-72.3547607920842637,O,
254.639,150.100,50.000,742.000,980.000,238.000,0.000,42.2634576800321256,-72.3546766991204606,O,
255.178,150.100,50.000,743.000,980.000,237.000,0.000,42.2633494539329888,-72.3545926061566576,O,
255.718,150.100,50.000,743.000,980.000,237.000,0.000,42.2632412278338521,-72.3545085131928545,O,
256.258,150.099,50.000,742.000,980.000,238.000,0.000,42.2631330017347082,-72.3544244202290372,O,
256.797,150.099,50.000,740.000,980.000,240.000,0.000,42.2630247756355715,-72.3543403272652341,O,
257.337,150.099,50.000,740.000,980.000,240.000,0.000,42.2629165495364347,-72.3542562343014310,O,
257.877,150.099,50.000,738.000,980.000,242.000,0.000,42.2628083234372909,-72.3541721413376280,O,
258.416,150.099,50.000,740.000,980.000,240.000,0.000,42.2627000973381541,-72.3540880483738249,O,
258.956,150.099,50.000,744.000,980.000,236.000,0.000,42.2625918712390174,-72.3540039554100218,O,
259.496,150.099,50.000,749.000,980.000,231.000,0.000,42.2624836451398735,-72.3539198624462188,O,
260.036,150.099,50.000,753.000,980.000,227.000,0.000,42.2623754190407368,-72.3538357694824157,O,
260.575,150.099,50.000,755.000,980.000,225.000,16.000,42.2622671929416001,-72.3537516765186126,O,
261.115,150.099,50.000,756.000,996.000,240.000,0.000,42.2621589668424562,-72.3536675835547953,O,
261.655,150.099,50.000,756.000,996.000,240.000,0.000,42.2620507407433195,-72.3535834905909923,O,
262.194,150.099,50.000,755.000,996.000,241.000,0.000,42.2619425146441827,-72.3534993976271892,O,
262.609,216.593,50.000,757.000,996.000,239.000,0.000,42.2618655317784189,-72.3535766297516005,O,
263.047,270.006,50.000,759.000,996.000,237.000,0.000,42.2618655419293248,-72.3537136863639745,O,
263.486,270.006,50.000,760.000,996.000,236.000,0.000,42.2618655520802236,-72.3538507429763342,O,
263.924,270.006,50.000,759.000,996.000,237.000,0.000,42.2618655622311294,-72.3539877995887082,O,
264.363,270.006,50.000,757.000,996.000,239.000,0.000,42.2618655723820353,-72.3541248562010679,O,
264.801,270.006,50.000,755.000,996.000,241.000,0.000,42.2618655825329412,-72.3542619128134419,O,
265.240,270.006,50.000,752.000,996.000,244.000,0.000,42.2618655926838471,-72.3543989694258016,O,
265.678,270.006,50.000,753.000,996.000,243.000,0.000,42.2618656028347459,-72.3545360260381756,O,
266.117,270.006,50.000,754.000,996.000,242.000,0.000,42.2618656129856518,-72.3546730826505353,O,
266.555,270.006,50.000,756.000,996.000,240.000,0.000,42.2618656231365577,-72.3548101392628951,O,
266.994,270.006,50.000,759.000,996.000,237.000,0.000,42.2618656332874636,-72.3549471958752690,O,
267.432,270.006,50.000,760.000,996.000,236.000,0.000,42.2618656434383695,-72.3550842524876288,O,
267.871,270.006,50.000,760.000,996.000,236.000,0.000,42.2618656535892683,-72.3552213091000027,O,
268.309,270.006,50.000,759.000,996.000,237.000,0.000,42.2618656637401742,-72.3553583657123625,O,
268.748,270.006,50.000,757.000,996.000,239.000,0.000,42.2618656738910801,-72.3554954223247364,O,
269.186,270.006,50.000,756.000,996.000,240.000,0.000,42.2618656840419860,-72.3556324789370962,O,
269.625,270.006,50.000,755.000,996.000,241.000,0.000,42.2618656941928847,-72.3557695355494701,O,
270.063,270.006,50.000,753.000,996.000,243.000,0.000,42.2618657043437906,-72.3559065921618298,O,
270.502,270.006,50.000,750.000,996.000,246.000,0.000,42.2618657144946965,-72.3560436487742038,O,
270.940,270.006,50.000,746.000,996.000,250.000,0.000,42.2618657246456024,-72.3561807053865635,O,
271.378,270.006,50.000,741.000,996.000,255.000,0.000,42.2618657347965083,-72.3563177619989233,O,
271.817,270.006,50.000,738.000,996.000,258.000,0.000,42.2618657449474071,-72.3564548186112972,O,
272.255,270.006,50.000,737.000,996.000,259.000,0.000,42.2618657550983130,-72.3565918752236570,O,
272.694,270.006,50.000,735.000,996.000,261.000,0.000,42.2618657652492189,-72.3567289318360309,O,
273.132,270.006,50.000,733.000,996.000,263.000,0.000,42.2618657754001248,-72.3568659884483907,O,
273.571,270.006,50.000,732.000,996.000,264.000,0.000,42.2618657855510307,-72.3570030450607646,O,
274.009,270.006,50.000,731.000,996.000,265.000,0.000,42.2618657957019295,-72.3571401016731244,O,
274.448,270.006,50.000,729.000,996.000,267.000,0.000,42.2618658058528354,-72.3572771582854983,O,
274.886,270.006,50.000,726.000,996.000,270.000,0.000,42.2618658160037413,-72.3574142148978581,O,
275.325,270.006,50.000,724.000,996.000,272.000,0.000,42.2618658261546472,-72.3575512715102178,O,
275.763,270.006,50.000,722.000,996.000,274.000,0.000,42.2618658363055530,-72.3576883281225918,O,
276.202,270.006,50.000,721.000,996.000,275.000,0.000,42.2618658464564518,-72.3578253847349515,O,
276.640,270.006,50.000,721.000,996.000,275.000,0.000,42.2618658566073577,-72.3579624413473255,O,
277.079,270.006,50.000,723.000,996.000,273.000,0.000,42.2618658667582636,-72.3580994979596852,O,
277.517,270.006,50.000,725.000,996.000,271.000,0.000,42.2618658769091695,-72.3582365545720592,O,
277.956,270.006,50.000,726.000,996.000,270.000,0.000,42.2618658870600754,-72.3583736111844189,O,
278.394,270.006,50.000,724.000,996.000,272.000,0.000,42.2618658972109742,-72.3585106677967929,O,
278.833,270.006,50.000,722.000,996.000,274.000,-16.000,42.2618659073618801,-72.3586477244091526,O,
279.271,270.006,50.000,718.000,980.000,262.000,0.000,42.2618659175127860,-72.3587847810215123,O,
279.710,270.006,50.000,714.000,980.000,266.000,0.000,42.2618659276636919,-72.3589218376338863,O,
280.148,270.006,50.000,713.000,980.000,267.000,0.000,42.2618659378145907,-72.3590588942462460,O,
280.587,270.006,50.000,712.000,980.000,268.000,0.000,42.2618659479654966,-72.3591959508586200,O,
281.025,270.006,50.000,713.000,980.000,267.000,0.000,42.2618659581164025,-72.3593330074709797,O,
281.464,270.006,50.000,714.000,980.000,266.000,0.000,42.2618659682673083,-72.3594700640833537,O,
281.902,270.006,50.000,712.000,980.000,268.000,0.000,42.2618659784182142,-72.3596071206957134,O,
282.341,270.006,50.000,710.000,980.000,270.000,-16.000,42.2618659885691130,-72.3597441773080874,O,
282.779,270.006,50.000,704.000,964.000,260.000,0.000,42.2618659987200189,-72.3598812339204471,O,
283.218,270.006,50.000,698.000,964.000,266.000,0.000,42.2618660088709248,-72.3600182905328211,O,
283.656,270.006,50.000,693.000,964.000,271.000,-16.000,42.2618660190218307,-72.3601553471451808,O,
284.095,270.006,50.000,687.000,948.000,261.000,0.000,42.2618660291727366,-72.3602924037575406,O,
284.533,270.006,50.000,683.000,948.000,265.000,0.000,42.2618660393236354,-72.3604294603699145,O,
284.972,270.006,50.000,679.000,948.000,269.000,0.000,42.2618660494745413,-72.3605665169822743,O,
285.410,270.006,50.000,677.000,948.000,271.000,0.000,42.2618660596254472,-72.3607035735946482,O,
285.848,270.006,50.000,676.000,948.000,272.000,-16.000,42.2618660697763531,-72.3608406302070080,O,
286.287,270.006,50.000,672.000,932.000,260.000,0.000,42.2618660799272590,-72.3609776868193819,O,
286.725,270.006,50.000,668.000,932.000,264.000,0.000,42.2618660900781578,-72.3611147434317417,O,
287.164,270.006,50.000,665.000,932.000,267.000,0.000,42.2618661002290636,-72.3612518000441156,O,
287.602,270.006,50.000,662.000,932.000,270.000,0.000,42.2618661103799695,-72.3613888566564754,O,
288.041,270.006,50.000,660.000,932.000,272.000,0.000,42.2618661205308754,-72.3615259132688351,O,
288.479,270.006,50.000,659.000,932.000,273.000,-16.000,42.2618661306817813,-72.3616629698812091,O,
288.918,270.006,50.000,656.000,916.000,260.000,0.000,42.2618661408326801,-72.3618000264935688,O,
289.356,270.006,50.000,653.000,916.000,263.000,0.000,42.2618661509835860,-72.3619370831059427,O,
289.795,270.006,50.000,649.000,916.000,267.000,0.000,42.2618661611344919,-72.3620741397183025,O,
290.233,270.006,50.000,646.000,916.000,270.000,0.000,42.2618661712853978,-72.3622111963306764,O,
290.672,270.006,50.000,643.000,916.000,273.000,-16.000,42.2618661814362966,-72.3623482529430362,O,
291.110,270.006,50.000,640.000,900.000,260.000,0.000,42.2618661915872025,-72.3624853095554101,O,
291.549,270.006,50.000,637.000,900.000,263.000,0.000,42.2618662017381084,-72.3626223661677699,O,
291.987,270.006,50.000,634.000,900.000,266.000,0.000,42.2618662118890143,-72.3627594227801296,O,
292.426,270.006,50.000,630.000,900.000,270.000,0.000,42.2618662220399202,-72.3628964793925036,O,
292.864,270.006,50.000,626.000,900.000,274.000,-16.000,42.2618662321908189,-72.3630335360048633,O,
293.303,270.006,50.000,617.000,884.000,267.000,0.000,42.2618662423417248,-72.3631705926172373,O,
293.741,270.006,50.000,609.000,884.000,275.000,-16.000,42.2618662524926307,-72.3633076492295970,O,
294.180,270.006,50.000,602.000,868.000,266.000,0.000,42.2618662626435366,-72.3634447058419710,O,
294.618,270.006,50.000,595.000,868.000,273.000,-16.000,42.2618662727944425,-72.3635817624543307,O,
295.057,270.006,50.000,590.000,852.000,262.000,0.000,42.2618662829453413,-72.3637188190667047,O,
295.495,270.006,50.000,584.000,852.000,268.000,0.000,42.2618662930962472,-72.3638558756790644,O,
295.934,270.006,50.000,580.000,852.000,272.000,-16.000,42.2618663032471531,-72.3639929322914242,O,
296.372,270.006,50.000,576.000,836.000,260.000,0.000,42.2618663133980590,-72.3641299889037981,O,
296.811,270.006,50.000,572.000,836.000,264.000,0.000,42.2618663235489649,-72.3642670455161579,O,
297.249,270.006,50.000,569.000,836.000,267.000,0.000,42.2618663336998637,-72.3644041021285318,O,
297.688,270.006,50.000,566.000,836.000,270.000,0.000,42.2618663438507696,-72.3645411587408915,O,
298.126,270.006,50.000,563.000,836.000,273.000,-16.000,42.2618663540016755,-72.3646782153532655,O,
298.565,270.006,50.000,558.000,820.000,262.000,0.000,42.2618663641525814,-72.3648152719656252,O,
299.003,270.006,50.000,553.000,820.000,267.000,0.000,42.2618663743034872,-72.3649523285779992,O,
299.442,270.006,50.000,548.000,820.000,272.000,-16.000,42.2618663844543860,-72.3650893851903589,O,
299.880,270.006,50.000,542.000,804.000,262.000,0.000,42.2618663946052919,-72.3652264418027329,O,
300.318,270.006,50.000,538.000,804.000,266.000,0.000,42.2618664047561978,-72.3653634984150926,O,
300.757,270.006,50.000,535.000,804.000,269.000,0.000,42.2618664149071037,-72.3655005550274524,O,
301.195,270.006,50.000,533.000,804.000,271.000,0.000,42.2618664250580025,-72.3656376116398263,O,
301.634,270.006,50.000,531.000,804.000,273.000,0.000,42.2618664352089084,-72.3657746682521861,O,
302.072,270.006,50.000,530.000,804.000,274.000,-16.000,42.2618664453598143,-72.3659117248645600,O,
302.511,270.006,50.000,528.000,788.000,260.000,0.000,42.2618664555107202,-72.3660487814769198,O,
302.949,270.006,50.000,528.000,788.000,260.000,0.000,42.2618664656616261,-72.3661858380892937,O,
303.388,270.006,50.000,528.000,788.000,260.000,0.000,42.2618664758125249,-72.3663228947016535,O,
303.826,270.006,50.000,529.000,788.000,259.000,0.000,42.2618664859634308,-72.3664599513140274,O,
304.265,270.006,50.000,531.000,788.000,257.000,0.000,42.2618664961143367,-72.3665970079263872,O,
304.703,270.006,50.000,531.000,788.000,257.000,0.000,42.2618665062652425,-72.3667340645387469,O,
305.142,270.006,50.000,531.000,788.000,257.000,0.000,42.2618665164161484,-72.3668711211511209,O,
305.580,270.006,50.000,532.000,788.000,256.000,0.000,42.2618665265670472,-72.3670081777634806,O,
306.019,270.006,50.000,533.000,788.000,255.000,0.000,42.2618665367179531,-72.3671452343758546,O,
306.457,270.006,50.000,532.000,788.000,256.000,0.000,42.2618665468688590,-72.3672822909882143,O,
306.896,270.006,50.000,529.000,788.000,259.000,0.000,42.2618665570197649,-72.3674193476005883,O,
307.373,11.566,50.000,531.000,788.000,257.000,0.000,42.2619747683660165,-72.3673894244718099,O,
307.913,29.912,50.000,532.000,788.000,256.000,0.000,42.2620829756984691,-72.3673053073611925,O,
308.453,29.912,50.000,532.000,788.000,256.000,0.000,42.2621911830309216,-72.3672211902505609,O,
308.992,29.912,50.000,530.000,788.000,258.000,0.000,42.2622993903633741,-72.3671370731399435,O,
309.532,29.912,50.000,528.000,788.000,260.000,0.000,42.2624075976958267,-72.3670529560293119,O,
310.072,29.912,50.000,528.000,788.000,260.000,0.000,42.2625158050282721,-72.3669688389186945,O,
310.611,29.912,50.000,530.000,788.000,258.000,0.000,42.2626240123607246,-72.3668847218080629,O,
311.151,29.912,50.000,533.000,788.000,255.000,0.000,42.2627322196931772,-72.3668006046974455,O,
311.691,29.912,50.000,536.000,788.000,252.000,0.000,42.2628404270256297,-72.3667164875868139,O,
312.230,29.912,50.000,539.000,788.000,249.000,0.000,42.2629486343580822,-72.3666323704761822,O,
312.770,29.912,50.000,541.000,788.000,247.000,0.000,42.2630568416905348,-72.3665482533655648,O,
313.309,29.912,50.000,541.000,788.000,247.000,0.000,42.2631650490229873,-72.3664641362549332,O,
313.849,29.912,50.000,541.000,788.000,247.000,0.000,42.2632732563554399,-72.3663800191443158,O,
314.389,29.912,50.000,542.000,788.000,246.000,0.000,42.2633814636878924,-72.3662959020336842,O,
314.928,29.912,50.000,544.000,788.000,244.000,0.000,42.2634896710203449,-72.3662117849230668,O,
315.468,29.912,50.000,547.000,788.000,241.000,0.000,42.2635978783527975,-72.3661276678124352,O,
316.008,29.912,50.000,550.000,788.000,238.000,0.000,42.2637060856852500,-72.3660435507018178,O,
316.547,29.912,50.000,555.000,788.000,233.000,0.000,42.2638142930176954,-72.3659594335911862,O,
317.087,29.912,50.000,559.000,788.000,229.000,0.000,42.2639225003501480,-72.3658753164805546,O,
317.627,29.912,50.000,560.000,788.000,228.000,0.000,42.2640307076826005,-72.3657911993699372,O,
318.166,29.912,50.000,558.000,788.000,230.000,0.000,42.2641389150150530,-72.3657070822593056,O,
318.706,29.912,50.000,554.000,788.000,234.000,0.000,42.2642471223475056,-72.3656229651486882,O,
319.246,29.912,50.000,549.000,788.000,239.000,0.000,42.2643553296799581,-72.3655388480380566,O,
319.785,29.911,50.000,546.000,788.000,242.000,0.000,42.2644635370124107,-72.3654547309274392,O,
320.325,29.911,50.000,545.000,788.000,243.000,0.000,42.2645717443448632,-72.3653706138168076,O,
320.865,29.911,50.000,545.000,788.000,243.000,0.000,42.2646799516773157,-72.3652864967061902,O,
321.404,29.911,50.000,546.000,788.000,242.000,0.000,42.2647881590097683,-72.3652023795955586,O,
321.944,29.911,50.000,549.000,788.000,239.000,0.000,42.2648963663422208,-72.3651182624849270,O,
322.484,29.911,50.000,551.000,788.000,237.000,0.000,42.2650045736746733,-72.3650341453743096,O,
323.023,29.911,50.000,551.000,788.000,237.000,0.000,42.2651127810071188,-72.3649500282636780,O,
323.563,29.911,50.000,550.000,788.000,238.000,0.000,42.2652209883395713,-72.3648659111530606,O,
324.103,29.911,50.000,549.000,788.000,239.000,0.000,42.2653291956720238,-72.3647817940424289,O,
324.642,29.911,50.000,548.000,788.000,240.000,0.000,42.2654374030044764,-72.3646976769318115,O,
325.182,29.911,50.000,547.000,788.000,241.000,0.000,42.2655456103369289,-72.3646135598211799,O,
325.722,29.911,50.000,545.000,788.000,243.000,0.000,42.2656538176693815,-72.3645294427105625,O,
326.261,29.911,50.000,545.000,788.000,243.000,0.000,42.2657620250018340,-72.3644453255999309,O,
326.801,29.911,50.000,545.000,788.000,243.000,0.000,42.2658702323342865,-72.3643612084892993,O,
327.340,29.911,50.000,546.000,788.000,242.000,0.000,42.2659784396667391,-72.3642770913786819,O,
327.880,29.911,50.000,547.000,788.000,241.000,0.000,42.2660866469991916,-72.3641929742680503,O,
328.420,29.911,50.000,547.000,788.000,241.000,0.000,42.2661948543316441,-72.3641088571574329,O,
328.959,29.911,50.000,547.000,788.000,241.000,0.000,42.2663030616640967,-72.3640247400468013,O,
329.440,106.194,50.000,551.000,788.000,237.000,0.000,42.2662720827388156,-72.3638805952505351,O,
329.979,150.098,50.000,556.000,788.000,232.000,0.000,42.2661638609840153,-72.3637964966959402,O,
330.519,150.098,50.000,562.000,788.000,226.000,16.000,42.2660556392292222,-72.3637123981413453,O,
331.059,150.098,50.000,566.000,804.000,238.000,0.000,42.2659474174744219,-72.3636282995867504,O,
331.598,150.098,50.000,569.000,804.000,235.000,0.000,42.2658391957196287,-72.3635442010321412,O,
332.138,150.098,50.000,570.000,804.000,234.000,0.000,42.2657309739648355,-72.3634601024775463,O,
332.678,150.098,50.000,571.000,804.000,233.000,0.000,42.2656227522100352,-72.3633760039229514,O,
333.217,150.098,50.000,573.000,804.000,231.000,0.000,42.2655145304552420,-72.3632919053683565,O,
333.757,150.098,50.000,579.000,804.000,225.000,16.000,42.2654063087004488,-72.3632078068137616,O,
334.297,150.098,50.000,584.000,820.000,236.000,0.000,42.2652980869456485,-72.3631237082591667,O,
334.836,150.098,50.000,589.000,820.000,231.000,0.000,42.2651898651908553,-72.3630396097045718,O,
335.376,150.098,50.000,593.000,820.000,227.000,16.000,42.2650816434360550,-72.3629555111499769,O,
335.916,150.098,50.000,598.000,836.000,238.000,0.000,42.2649734216812618,-72.3628714125953820,O,
336.455,150.098,50.000,602.000,836.000,234.000,0.000,42.2648651999264686,-72.3627873140407871,O,
336.995,150.097,50.000,604.000,836.000,232.000,0.000,42.2647569781716683,-72.3627032154861780,O,
337.535,150.097,50.000,607.000,836.000,229.000,0.000,42.2646487564168751,-72.3626191169315831,O,
338.074,150.097,50.000,611.000,836.000,225.000,16.000,42.2645405346620748,-72.3625350183769882,O,
338.614,150.097,50.000,616.000,852.000,236.000,0.000,42.2644323129072816,-72.3624509198223933,O,
339.154,150.097,50.000,625.000,852.000,227.000,16.000,42.2643240911524884,-72.3623668212677984,O,
339.693,150.097,50.000,634.000,868.000,234.000,0.000,42.2642158693976882,-72.3622827227132035,O,
340.233,150.097,50.000,641.000,868.000,227.000,0.000,42.2641076476428950,-72.3621986241586086,O,
340.773,150.097,50.000,643.000,868.000,225.000,16.000,42.2639994258881018,-72.3621145256040137,O,
341.313,150.097,50.000,645.000,884.000,239.000,0.000,42.2638912041333015,-72.3620304270494188,O,
341.852,150.097,50.000,648.000,884.000,236.000,0.000,42.2637829823785083,-72.3619463284948097,O,
342.392,150.097,50.000,649.000,884.000,235.000,0.000,42.2636747606237080,-72.3618622299402148,O,
342.932,150.097,50.000,651.000,884.000,233.000,0.000,42.2635665388689148,-72.3617781313856199,O,
343.471,150.097,50.000,653.000,884.000,231.000,0.000,42.2634583171141216,-72.3616940328310250,O,
344.011,150.097,50.000,656.000,884.000,228.000,16.000,42.2633500953593213,-72.3616099342764301,O,
344.551,150.097,50.000,661.000,900.000,239.000,0.000,42.2632418736045281,-72.3615258357218352,O,
345.090,150.097,50.000,664.000,900.000,236.000,0.000,42.2631336518497349,-72.3614417371672403,O,
345.630,150.097,50.000,667.000,900.000,233.000,0.000,42.2630254300949346,-72.3613576386126454,O,
346.170,150.097,50.000,669.000,900.000,231.000,0.000,42.2629172083401414,-72.3612735400580505,O,
346.709,150.097,50.000,672.000,900.000,228.000,0.000,42.2628089865853411,-72.3611894415034413,O,
347.249,150.097,50.000,673.000,900.000,227.000,0.000,42.2627007648305479,-72.3611053429488464,O,
347.789,150.097,50.000,673.000,900.000,227.000,0.000,42.2625925430757547,-72.3610212443942515,O,
348.328,150.097,50.000,672.000,900.000,228.000,0.000,42.2624843213209545,-72.3609371458396566,O,
348.868,150.097,50.000,671.000,900.000,229.000,0.000,42.2623760995661613,-72.3608530472850617,O,
349.408,150.096,50.000,671.000,900.000,229.000,0.000,42.2622678778113610,-72.3607689487304668,O,
349.947,150.096,50.000,673.000,900.000,227.000,0.000,42.2621596560565678,-72.3606848501758719,O,
350.487,150.096,50.000,675.000,900.000,225.000,16.000,42.2620514343017746,-72.3606007516212770,O,
351.027,150.096,50.000,677.000,916.000,239.000,0.000,42.2619432125469743,-72.3605166530666821,O,
351.566,150.096,50.000,684.000,916.000,232.000,0.000,42.2618349907921811,-72.3604325545120872,O,
352.106,150.096,50.000,689.000,916.000,227.000,16.000,42.2617267690373879,-72.3603484559574781,O,
352.646,150.096,50.000,693.000,932.000,239.000,0.000,42.2616185472825876,-72.3602643574028832,O,
353.186,150.096,50.000,696.000,932.000,236.000,0.000,42.2615103255277944,-72.3601802588482883,O,
353.725,150.096,50.000,698.000,932.000,234.000,0.000,42.2614021037729941,-72.3600961602936934,O,
354.265,150.096,50.000,699.000,932.000,233.000,0.000,42.2612938820182009,-72.3600120617390985,O,
354.805,150.096,50.000,700.000,932.000,232.000,0.000,42.2611856602634077,-72.3599279631845036,O,
355.344,150.096,50.000,701.000,932.000,231.000,0.000,42.2610774385086074,-72.3598438646299087,O,
355.884,150.096,50.000,702.000,932.000,230.000,0.000,42.2609692167538142,-72.3597597660753138,O,
356.424,150.096,50.000,703.000,932.000,229.000,0.000,42.2608609949990139,-72.3596756675207189,O,
356.963,150.096,50.000,703.000,932.000,229.000,0.000,42.2607527732442207,-72.3595915689661098,O,
357.503,150.096,50.000,704.000,932.000,228.000,0.000,42.2606445514894276,-72.3595074704115149,O,
358.043,150.096,50.000,706.000,932.000,226.000,16.000,42.2605363297346273,-72.3594233718569200,O,
358.582,150.096,50.000,710.000,948.000,238.000,0.000,42.2604281079798341,-72.3593392733023251,O,
359.122,150.096,50.000,714.000,948.000,234.000,0.000,42.2603198862250409,-72.3592551747477302,O,
359.662,150.096,50.000,718.000,948.000,230.000,0.000,42.2602116644702406,-72.3591710761931353,O,
360.201,150.096,50.000,720.000,948.000,228.000,0.000,42.2601034427154474,-72.3590869776385404,O,
360.741,150.096,50.000,720.000,948.000,228.000,0.000,42.2599952209606471,-72.3590028790839455,O,
361.281,150.096,50.000,720.000,948.000,228.000,0.000,42.2598869992058539,-72.3589187805293506,O,
361.821,150.096,50.000,720.000,948.000,228.000,0.000,42.2597787774510607,-72.3588346819747414,O,
362.360,150.095,50.000,720.000,948.000,228.000,0.000,42.2596705556962604,-72.3587505834201465,O,
362.900,150.095,50.000,722.000,948.000,226.000,16.000,42.2595623339414672,-72.3586664848655516,O,
363.440,150.095,50.000,726.000,964.000,238.000,0.000,42.2594541121866669,-72.3585823863109567,O,
363.979,150.095,50.000,733.000,964.000,231.000,0.000,42.2593458904318737,-72.3584982877563618,O,
364.519,150.095,50.000,739.000,964.000,225.000,16.000,42.2592376686770805,-72.3584141892017669,O,
365.059,150.095,50.000,747.000,980.000,233.000,0.000,42.2591294469222802,-72.3583300906471720,O,
365.598,150.095,50.000,755.000,980.000,225.000,16.000,42.2590212251674870,-72.3582459920925771,O,
366.138,150.095,50.000,763.000,996.000,233.000,0.000,42.2589130034126939,-72.3581618935379822,O,
366.678,150.095,50.000,766.000,996.000,230.000,0.000,42.2588047816578936,-72.3580777949833873,O,
367.217,150.095,50.000,767.000,996.000,229.000,0.000,42.2586965599031004,-72.3579936964287782,O,
367.757,150.095,50.000,769.000,996.000,227.000,0.000,42.2585883381483001,-72.3579095978741833,O,
368.297,150.095,50.000,770.000,996.000,226.000,0.000,42.2584801163935069,-72.3578254993195884,O,
368.837,150.095,50.000,769.000,996.000,227.000,0.000,42.2583718946387137,-72.3577414007649935,O,
369.376,150.095,50.000,767.000,996.000,229.000,0.000,42.2582636728839134,-72.3576573022103986,O,
369.916,150.095,50.000,765.000,996.000,231.000,0.000,42.2581554511291202,-72.3575732036558037,O,
370.456,150.095,50.000,765.000,996.000,231.000,0.000,42.2580472293743199,-72.3574891051012088,O,
370.995,150.095,50.000,765.000,996.000,231.000,0.000,42.2579390076195267,-72.3574050065466139,O,
371.535,150.095,50.000,764.000,996.000,232.000,0.000,42.2578307858647335,-72.3573209079920190,O,
372.075,150.095,50.000,764.000,996.000,232.000,0.000,42.2577225641099332,-72.3572368094374099,O,
372.614,150.095,50.000,766.000,996.000,230.000,0.000,42.2576143423551400,-72.3571527108828150,O,
373.154,150.095,50.000,768.000,996.000,228.000,16.000,42.2575061206003468,-72.3570686123282201,O,
373.694,150.095,50.000,772.000,1012.000,240.000,0.000,42.2573978988455465,-72.3569845137736252,O,
374.074,238.626,50.000,771.000,1012.000,241.000,0.000,42.2573521066562137,-72.3570859776297510,O,
374.512,270.006,50.000,768.000,1012.000,244.000,0.000,42.2573521168062456,-72.3572230342421250,O,
374.951,270.006,50.000,761.000,1012.000,251.000,0.000,42.2573521269562775,-72.3573600908544847,O,
375.390,270.006,50.000,753.000,1012.000,259.000,0.000,42.2573521371063094,-72.3574971474668587,O,
375.828,270.006,50.000,747.000,1012.000,265.000,0.000,42.2573521472563414,-72.3576342040792184,O,
376.267,270.006,50.000,740.000,1012.000,272.000,-16.000,42.2573521574063804,-72.3577712606915924,O,
376.705,270.006,50.000,734.000,996.000,262.000,0.000,42.2573521675564123,-72.3579083173039521,O,
377.144,270.006,50.000,727.000,996.000,269.000,0.000,42.2573521777064443,-72.3580453739163261,O,
377.582,270.006,50.000,724.000,996.000,272.000,-16.000,42.2573521878564762,-72.3581824305286858,O,
378.021,270.006,50.000,720.000,980.000,260.000,0.000,42.2573521980065081,-72.3583194871410598,O,
378.459,270.006,50.000,714.000,980.000,266.000,0.000,42.2573522081565400,-72.3584565437534195,O,
378.898,270.006,50.000,708.000,980.000,272.000,-16.000,42.2573522183065720,-72.3585936003657793,O,
379.336,270.006,50.000,703.000,964.000,261.000,0.000,42.2573522284566039,-72.3587306569781532,O,
379.775,270.006,50.000,698.000,964.000,266.000,0.000,42.2573522386066358,-72.3588677135905129,O,
380.213,270.006,50.000,693.000,964.000,271.000,-16.000,42.2573522487566677,-72.3590047702028869,O,
380.652,270.006,50.000,688.000,948.000,260.000,0.000,42.2573522589066997,-72.3591418268152466,O,
381.090,270.006,50.000,686.000,948.000,262.000,0.000,42.2573522690567387,-72.3592788834276206,O,
381.529,270.006,50.000,684.000,948.000,264.000,0.000,42.2573522792067706,-72.3594159400399803,O,
381.967,270.006,50.000,683.000,948.000,265.000,0.000,42.2573522893568025,-72.3595529966523543,O,
382.406,270.006,50.000,682.000,948.000,266.000,0.000,42.2573522995068345,-72.3596900532647140,O,
382.844,270.006,50.000,682.000,948.000,266.000,0.000,42.2573523096568664,-72.3598271098770880,O,
383.283,270.006,50.000,682.000,948.000,266.000,0.000,42.2573523198068983,-72.3599641664894477,O,
383.721,270.006,50.000,683.000,948.000,265.000,0.000,42.2573523299569302,-72.3601012231018075,O,
384.160,270.006,50.000,684.000,948.000,264.000,0.000,42.2573523401069622,-72.3602382797141814,O,
384.598,270.006,50.000,683.000,948.000,265.000,0.000,42.2573523502569941,-72.3603753363265412,O,
385.037,270.006,50.000,682.000,948.000,266.000,0.000,42.2573523604070260,-72.3605123929389151,O,
385.475,270.006,50.000,677.000,948.000,271.000,-16.000,42.2573523705570651,-72.3606494495512749,O,
385.914,270.006,50.000,670.000,932.000,262.000,0.000,42.2573523807070970,-72.3607865061636488,O,
386.352,270.006,50.000,662.000,932.000,270.000,-16.000,42.2573523908571289,-72.3609235627760086,O,
386.791,270.006,50.000,653.000,916.000,263.000,0.000,42.2573524010071608,-72.3610606193883825,O,
387.229,270.006,50.000,647.000,916.000,269.000,0.000,42.2573524111571928,-72.3611976760007423,O,
387.668,270.006,50.000,643.000,916.000,273.000,-16.000,42.2573524213072247,-72.3613347326131020,O,
388.106,270.006,50.000,639.000,900.000,261.000,0.000,42.2573524314572566,-72.3614717892254760,O,
388.545,270.006,50.000,635.000,900.000,265.000,0.000,42.2573524416072885,-72.3616088458378357,O,
388.984,270.006,50.000,633.000,900.000,267.000,0.000,42.2573524517573205,-72.3617459024502097,O,
389.422,270.006,50.000,632.000,900.000,268.000,0.000,42.2573524619073524,-72.3618829590625694,O,
389.861,270.006,50.000,632.000,900.000,268.000,0.000,42.2573524720573843,-72.3620200156749434,O,
390.299,270.006,50.000,632.000,900.000,268.000,0.000,42.2573524822074233,-72.3621570722873031,O,
390.738,270.006,50.000,631.000,900.000,269.000,0.000,42.2573524923574553,-72.3622941288996770,O,
391.176,270.006,50.000,630.000,900.000,270.000,0.000,42.2573525025074872,-72.3624311855120368,O,
391.615,270.006,50.000,629.000,900.000,271.000,0.000,42.2573525126575191,-72.3625682421244107,O,
392.053,270.006,50.000,627.000,900.000,273.000,0.000,42.2573525228075511,-72.3627052987367705,O,
392.492,270.006,50.000,626.000,900.000,274.000,0.000,42.2573525329575830,-72.3628423553491302,O,
392.930,270.006,50.000,626.000,900.000,274.000,0.000,42.2573525431076149,-72.3629794119615042,O,
393.369,270.006,50.000,625.000,900.000,275.000,-16.000,42.2573525532576468,-72.3631164685738639,O,
393.807,270.006,50.000,623.000,884.000,261.000,0.000,42.2573525634076788,-72.3632535251862379,O,
394.246,270.006,50.000,620.000,884.000,264.000,0.000,42.2573525735577107,-72.3633905817985976,O,
394.684,270.006,50.000,618.000,884.000,266.000,0.000,42.2573525837077426,-72.3635276384109716,O,
395.123,270.006,50.000,615.000,884.000,269.000,0.000,42.2573525938577816,-72.3636646950233313,O,
395.561,270.006,50.000,611.000,884.000,273.000,-16.000,42.2573526040078136,-72.3638017516357053,O,
396.000,270.006,50.000,608.000,868.000,260.000,0.000,42.2573526141578455,-72.3639388082480650,O,
396.502,21.477,50.000,612.000,868.000,256.000,0.000,42.2574608225254025,-72.3638812866098249,O,
397.042,29.915,50.000,621.000,868.000,247.000,0.000,42.2575690289232924,-72.3637971682969976,O,
397.582,29.915,50.000,628.000,868.000,240.000,0.000,42.2576772353211751,-72.3637130499841703,O,
398.121,29.915,50.000,633.000,868.000,235.000,0.000,42.2577854417190650,-72.3636289316713430,O,
398.661,29.915,50.000,636.000,868.000,232.000,0.000,42.2578936481169478,-72.3635448133585157,O,
399.201,29.915,50.000,637.000,868.000,231.000,0.000,42.2580018545148377,-72.3634606950456885,O,
399.740,29.915,50.000,635.000,868.000,233.000,0.000,42.2581100609127205,-72.3633765767328612,O,
400.280,29.914,50.000,630.000,868.000,238.000,0.000,42.2582182673106104,-72.3632924584200339,O,
400.820,29.914,50.000,625.000,868.000,243.000,0.000,42.2583264737084932,-72.3632083401072066,O,
401.359,29.914,50.000,621.000,868.000,247.000,0.000,42.2584346801063830,-72.3631242217943793,O,
401.899,29.914,50.000,616.000,868.000,252.000,0.000,42.2585428865042658,-72.3630401034815520,O,
402.439,29.914,50.000,612.000,868.000,256.000,0.000,42.2586510929021557,-72.3629559851687247,O,
402.978,29.914,50.000,609.000,868.000,259.000,0.000,42.2587592993000385,-72.3628718668558975,O,
403.518,29.914,50.000,607.000,868.000,261.000,0.000,42.2588675056979284,-72.3627877485430702,O,
404.058,29.914,50.000,609.000,868.000,259.000,0.000,42.2589757120958112,-72.3627036302302429,O,
404.597,29.914,50.000,612.000,868.000,256.000,0.000,42.2590839184936939,-72.3626195119174298,O,
405.137,29.914,50.000,616.000,868.000,252.000,0.000,42.2591921248915838,-72.3625353936046025,O,
405.677,29.914,50.000,619.000,868.000,249.000,0.000,42.2593003312894666,-72.3624512752917752,O,
406.216,29.914,50.000,624.000,868.000,244.000,0.000,42.2594085376873565,-72.3623671569789479,O,
406.756,29.914,50.000,627.000,868.000,241.000,0.000,42.2595167440852393,-72.3622830386661207,O,
407.296,29.914,50.000,628.000,868.000,240.000,0.000,42.2596249504831292,-72.3621989203532934,O,
407.835,29.914,50.000,630.000,868.000,238.000,0.000,42.2597331568810120,-72.3621148020404661,O,
408.375,29.914,50.000,634.000,868.000,234.000,0.000,42.2598413632789018,-72.3620306837276388,O,
408.915,29.914,50.000,637.000,868.000,231.000,0.000,42.2599495696767846,-72.3619465654148115,O,
409.454,29.914,50.000,640.000,868.000,228.000,0.000,42.2600577760746745,-72.3618624471019842,O,
409.994,29.914,50.000,642.000,868.000,226.000,0.000,42.2601659824725573,-72.3617783287891569,O,
410.534,29.914,50.000,643.000,868.000,225.000,16.000,42.2602741888704472,-72.3616942104763297,O,
411.073,29.914,50.000,644.000,884.000,240.000,0.000,42.2603823952683300,-72.3616100921635024,O,
411.613,29.914,50.000,646.000,884.000,238.000,0.000,42.2604906016662198,-72.3615259738506751,O,
412.153,29.914,50.000,649.000,884.000,235.000,0.000,42.2605988080641026,-72.3614418555378478,O,
412.692,29.914,50.000,654.000,884.000,230.000,0.000,42.2607070144619854,-72.3613577372250205,O,
413.232,29.913,50.000,659.000,884.000,225.000,16.000,42.2608152208598753,-72.3612736189121932,O,
413.772,29.913,50.000,664.000,900.000,236.000,0.000,42.2609234272577581,-72.3611895005993659,O,
414.311,29.913,50.000,670.000,900.000,230.000,16.000,42.2610316336556480,-72.3611053822865387,O,
414.851,29.913,50.000,676.000,916.000,240.000,0.000,42.2611398400535307,-72.3610212639737114,O,
415.391,29.913,50.000,678.000,916.000,238.000,0.000,42.2612480464514206,-72.3609371456608841,O,
415.930,29.913,50.000,679.000,916.000,237.000,0.000,42.2613562528493034,-72.3608530273480568,O,
416.470,29.913,50.000,681.000,916.000,235.000,0.000,42.2614644592471933,-72.3607689090352295,O,
417.010,29.913,50.000,683.000,916.000,233.000,0.000,42.2615726656450761,-72.3606847907224022,O,
417.549,29.913,50.000,684.000,916.000,232.000,0.000,42.2616808720429660,-72.3606006724095749,O,
418.089,29.913,50.000,682.000,916.000,234.000,-16.000,42.2617890784408488,-72.3605165540967477,O,
432.714,29.913,0.000,682.000,682.000,0.000,0.000,42.2617890784408488,-72.3605165540967477,O,
